バッファの作成手順
★基本の作り方
    1.三角形をひたすら組みあげる
    2.三角形の頂点を配列で表す
1.配列を作ってひたすら三角形を作るやり方
    1.作りたい図形の頂点を作る
    例） 6
    2.図形を作るために必要な三角形を配列で作る
    例） 4つの三角形を作りたい場合
          X   y   z
        -1.0,1.0,1.0  1 ＊１個目の三角形
         0.0,0.0,1.0  2
        -1.0,-1.0,1.0 3
        -1.0,1.0,1.0  4 ＊２個目の三角形 
         1.0,1.0,1.0  5
         0.0,0.0,1.0  6
         1.0,1.0,1.0  7 ＊３個目の三角形
         0.0,0.0,1.0  8
         1.0,-1.0,1.0 9
         0.0,0.0,1.0 10 ＊４個目の三角形
       -1.0,-1.0,1.0 11
        1.0,-1.0,1.0 12
2.頂点を配列にして番号をふる。作った番号で三角形をつくるやりかた
    1.作りたい図形の頂点を作る
    例） 6
    2.図形を作るために必要な三角形を配列で作る
    例） 4つの三角形を作りたい場合
          X   y   z
        -1.0,1.0,1.0  1 ＊１個目の三角形
         0.0,0.0,1.0  2
        -1.0,-1.0,1.0 3
        -1.0,1.0,1.0  4 ＊２個目の三角形 
         1.0,1.0,1.0  5
         0.0,0.0,1.0  6
         1.0,1.0,1.0  7 ＊３個目の三角形
         0.0,0.0,1.0  8
         1.0,-1.0,1.0 9
         0.0,0.0,1.0 10 ＊４個目の三角形
       -1.0,-1.0,1.0 11
        1.0,-1.0,1.0 12